Example 2 Wever and Gere page 352
    6    1    1    1
    1    0    0    0       5.0       0.0       3.0    0
    2    0    0    0       5.0       0.0      -3.0    0
    3    0    0    0       5.0      -3.0       0.0    0
    4    1    1    1       0.0       0.0       3.0    0
    5    1    1    1       0.0       3.0       0.0    0
    6    1    1    1       0.0       0.0      -3.0    0    
    1    5
    1    2     600.0
    2    2     720.0
    3    1     240.0
    3    2    -240.0
    3    3     480.0
    1    9    2
    1    80.0e6      0.01
    2    80.0e6      0.02
    1    1    2    1    0
    2    1    3    1    0
    3    3    2    1    0
    4    4    1    2    0
    5    4    3    2    0
    6    5    1    2    0
    7    5    2    2    0
    8    6    2    2    0
    9    6    3    2    0
    
    
